100
813
922
2313
2404
2405
2633
3072
3107
3353
4226
5037
5206
5532
5567
5744
5841
5973
6307
6312
6785
6821
6921
7232
7344
7852
8756
8852
9100
9648
10036
10499
10886
11237
11266
11446
11850
12163
12399
12619
13642
13765
13924
14186
15078
15089
15270
15704
15751
16384
16899
18557
19384
20387
20477
20576
20714
20833
20910
20957
21061
21250
21283
21625
21972
22540
22897
22963
23285
23428
23459
24128
24171
24944
25041
26031
26142
26185
26873
27179
27373
27663
28201
28323
29026
29252
29469
29500
29788
29948
30431
30892
31412
33070
33074
33149
33210
33269
33379
33680
